> echo SYSCON
SYSCON
> mdw phys 0x1c00000 128
0x01c00000: ffffffff 00000001 00000000 00000000 00000200 00000200 00000000 00000000
0x01c00020: 00000000 00000000 00000003 02042202 00000000 00000000 00000000 00000000
0x01c00040: 00000000 00000000 00000000 00000000 00000000 00000000 00000000 00000000
0x01c00060: 00000000 00000000 00000000 00000000 00000000 00000000 00000000 00000000
0x01c00080: 00000000 00000000 00000000 00000000 09000000 00000000 00000000 00000000
0x01c000a0: 00101013 00020007 00000000 00000000 00000000 00000000 00000000 00000000
0x01c000c0: 00000000 00000000 00000000 00000000 00000000 00000000 00000000 00000000
0x01c000e0: 00000000 00000000 00000000 00000000 00000000 00000000 00000000 00000000
0x01c00100: ffffffff 00000001 00000000 00000000 00000200 00000200 00000000 00000000
0x01c00120: 00000000 00000000 00000003 02042202 00000000 00000000 00000000 00000000
0x01c00140: 00000000 00000000 00000000 00000000 00000000 00000000 00000000 00000000
0x01c00160: 00000000 00000000 00000000 00000000 00000000 00000000 00000000 00000000
0x01c00180: 00000000 00000000 00000000 00000000 09000000 00000000 00000000 00000000
0x01c001a0: 00101013 00020007 00000000 00000000 00000000 00000000 00000000 00000000
0x01c001c0: 00000000 00000000 00000000 00000000 00000000 00000000 00000000 00000000
0x01c001e0: 00000000 00000000 00000000 00000000 00000000 00000000 00000000 00000000

> echo CCU
CCU
> mdw phys 0x1c20000 256
0x01c20000: 90001000 00000000 90005514 00000000 93006207 00000000 03003103 00000000
0x01c20020: 90000c00 00000000 90041010 00000000 00000000 00000000 00000000 00000000
0x01c20040: 00000000 00000000 00000000 00000000 00020000 000031c0 00000000 00000000
0x01c20060: 01104046 00005630 00510001 00000000 00000000 00000000 00000000 00000000
0x01c20080: 00000000 00000000 00000000 00000000 00000000 00000000 00000000 00000000
0x01c200a0: 00000000 00000000 00000000 00000000 00000000 00010000 00000000 00000000
0x01c200c0: 00000000 00000000 00000000 00000003 00000000 00000000 00000000 00000000
0x01c200e0: 00000000 00000000 00000000 00000000 00000000 00000000 00000000 00000000
0x01c20100: 0500000c 80000001 00000000 80000000 00000000 00000000 80000000 8000000a
0x01c20120: 00000000 8000000a 00000000 00000000 00000000 00000000 00000000 00000000
0x01c20140: 80000000 80000000 00000000 00000000 00000000 00000000 00000000 00000000
0x01c20160: 00000000 00000000 00000000 00000000 00000000 00000000 00000000 00000000
0x01c20180: 00000000 00000000 00000000 00000000 00000000 00000000 00000000 00000000
0x01c201a0: 00000000 00000000 00000000 00000000 00000000 00000000 00000000 00000000
0x01c201c0: 00000000 00000000 00000000 00000000 00000000 00000000 00000000 00000000
0x01c201e0: 00000000 00000000 00000000 00000000 00000000 00000000 00000000 00000000
0x01c20200: 000000ff 000000ff 00000000 00000000 00000000 00000000 00000000 00000000
0x01c20220: 08100200 10100000 10100000 10100000 81104000 10100010 00000000 00000000
0x01c20240: 00000000 00000000 00000000 00000000 0a101010 00000000 00000000 00000000
0x01c20260: 1410100d 00000000 00000000 00000000 00000000 00000000 00000000 00000000
0x01c20280: 00000000 00000000 00000000 00000000 00000000 00000000 00000000 00000000
0x01c202a0: 00000000 00000000 00000000 00000000 00000000 00000000 00000000 00000000
0x01c202c0: 01104040 00005631 00000000 00000000 00510001 00000000 00000000 00000000
0x01c202e0: 00000000 00000000 00000000 00000000 00000000 00000000 00000000 00000000
0x01c20300: 00000000 00000000 00000000 00000000 00000000 00000000 00000000 00000000
0x01c20320: 00000000 00000000 00000000 00000000 00000000 00000000 00000000 00000000
0x01c20340: 00000000 00000000 00000000 00000000 00000000 00000000 00000000 00000000
0x01c20360: 00000000 00000000 00000000 00000000 00000000 00000000 00000000 00000000
0x01c20380: 00000000 00000000 00000000 00000000 00000000 00000000 00000000 00000000
0x01c203a0: 00000000 00000000 00000000 00000000 00000000 00000000 00000000 00000000
0x01c203c0: 00000000 00000000 00000000 00000000 00000000 00000000 00000000 00000000
0x01c203e0: 00000000 00000000 00000000 00000000 00000000 00000000 00000000 00000000

> echo INTC
INTC
> mdw phys 0x1c20400 32
0x01c20400: 00000034 00000000 00000000 00000000 28006001 00000000 00000000 00000000
0x01c20420: 6c146400 000001c2 00000000 00000000 00000000 00000000 00000000 00000000
0x01c20440: 00000000 00000000 00000000 00000000 00000000 00000000 00000000 00000000
0x01c20460: 00000000 00000000 00000000 00000000 00000000 00000000 00000000 00000000

> echo DMA
DMA
> mdw phys 0x1c02000 256
0x01c02000: 0000003a 00010004 00010191 00000000 00000000 00000000 00000000 00000000
0x01c02020: 00000000 00000000 00000000 00000000 00000000 00000000 00000000 00000000
0x01c02040: 00000000 00000000 00000000 00000000 00000000 00000000 00000000 00000000
0x01c02060: 00000000 00000000 00000000 00000000 00000000 00000000 00000000 00000000
0x01c02080: 00000000 00000000 00000000 00000000 00000000 00000000 00000000 00000000
0x01c020a0: 00000000 00000000 00000000 00000000 00000000 00000000 00000000 00000000
0x01c020c0: 00000000 00000000 00000000 00000000 00000000 00000000 00000000 00000000
0x01c020e0: 00000000 00000000 00000000 00000000 00000000 00000000 00000000 00000000
0x01c02100: fc11002a 01c25800 80343000 00010000 00000000 00000000 00000000 00000000
0x01c02120: 1c2a0011 80353000 01c25800 00000006 00000000 00000000 00000000 00000000
0x01c02140: 10110024 01c05300 8059595c 00002000 00000000 00000000 00000000 00000000
0x01c02160: 10110024 01c05300 8025f400 00001000 00000000 00000000 00000000 00000000
0x01c02180: 00000000 00000000 00000000 00000000 00000000 00000000 00000000 00000000
0x01c021a0: 00000000 00000000 00000000 00000000 00000000 00000000 00000000 00000000
0x01c021c0: 00000000 00000000 00000000 00000000 00000000 00000000 00000000 00000000
0x01c021e0: 00000000 00000000 00000000 00000000 00000000 00000000 00000000 00000000
0x01c02200: 00000000 00000000 00000000 00000000 00000000 00000000 00000000 00000000
0x01c02220: 00000000 00000000 00000000 00000000 00000000 00000000 00000000 00000000
0x01c02240: 00000000 00000000 00000000 00000000 00000000 00000000 00000000 00000000
0x01c02260: 00000000 00000000 00000000 00000000 00000000 00000000 00000000 00000000
0x01c02280: 00000000 00000000 00000000 00000000 00000000 00000000 00000000 00000000
0x01c022a0: 00000000 00000000 00000000 00000000 00000000 00000000 00000000 00000000
0x01c022c0: 00000000 00000000 00000000 00000000 00000000 00000000 00000000 00000000
0x01c022e0: 00000000 00000000 00000000 00000000 00000000 00000000 00000000 00000000
0x01c02300: 028102a4 01c13004 80676c00 00010000 00000000 00000000 7f007f0f 00000000
0x01c02320: 00000000 00000000 00000000 00000000 00000000 00000000 00000000 00000000
0x01c02340: 00000000 00000000 00000000 00000000 00000000 00000000 00000000 00000000
0x01c02360: 00000000 00000000 00000000 00000000 00000000 00000000 00000000 00000000
0x01c02380: 00000000 00000000 00000000 00000000 00000000 00000000 00000000 00000000
0x01c023a0: 00000000 00000000 00000000 00000000 00000000 00000000 00000000 00000000
0x01c023c0: 00000000 00000000 00000000 00000000 00000000 00000000 00000000 00000000
0x01c023e0: 00000000 00000000 00000000 00000000 00000000 00000000 00000000 00000000

> echo TCON
TCON
> mdw phys 0x1c0c000 256
0x01c0c000: 80000000 f000a000 00200017 00000000 80000000 11111111 11111111 11111111
0x01c0c020: 11111111 11111111 11111111 01010000 15151111 57575555 7f7f7777 00000000
0x01c0c040: 800001e0 80000009 031f01df 03bf0002 041a0002 00000000 00000000 00000000
0x01c0c060: 00400000 00000000 00000000 00000000 00000000 00000000 00000000 00000000
0x01c0c080: 00000000 00000000 10000000 00000000 00100150 02cf011f 02cf011f 02cf011f
0x01c0c0a0: 035f008a 02710016 00010001 00000000 00000000 00000000 00000000 00000000
0x01c0c0c0: 00000000 00000000 00000000 00000000 00000000 00000000 00000000 00000000
0x01c0c0e0: 00000000 00000000 00000000 00000000 00000000 ffffffff 00000000 30e800e4
0x01c0c100: 30e800e4 30e800e4 30e800e4 30e800e4 30e800e4 30e800e4 30e800e4 30e800e4
0x01c0c120: 30e800e4 30e800e4 30e800e4 30e800e4 30e800e4 30e800e4 30e800e4 30e800e4
0x01c0c140: 30e800e4 30e800e4 30e800e4 30e800e4 30e800e4 30e800e4 30e800e4 30e800e4
0x01c0c160: 30e800e4 30e800e4 30e800e4 30e800e4 30e800e4 30e800e4 30e800e4 30e800e4
0x01c0c180: 30e800e4 30e800e4 30e800e4 30e800e4 30e800e4 30e800e4 30e800e4 30e800e4
0x01c0c1a0: 30e800e4 30e800e4 30e800e4 30e800e4 30e800e4 30e800e4 30e800e4 30e800e4
0x01c0c1c0: 30e800e4 30e800e4 30e800e4 30e800e4 30e800e4 30e800e4 30e800e4 30e800e4
0x01c0c1e0: 30e800e4 30e800e4 30e800e4 30e800e4 30e800e4 30e800e4 30e800e4 30e800e4
0x01c0c200: 30e800e4 30e800e4 30e800e4 30e800e4 30e800e4 30e800e4 30e800e4 30e800e4
0x01c0c220: 30e800e4 30e800e4 30e800e4 30e800e4 30e800e4 30e800e4 30e800e4 30e800e4
0x01c0c240: 30e800e4 30e800e4 30e800e4 30e800e4 30e800e4 30e800e4 30e800e4 30e800e4
0x01c0c260: 30e800e4 30e800e4 30e800e4 30e800e4 30e800e4 30e800e4 30e800e4 30e800e4
0x01c0c280: 30e800e4 30e800e4 30e800e4 30e800e4 30e800e4 30e800e4 30e800e4 30e800e4
0x01c0c2a0: 30e800e4 30e800e4 30e800e4 30e800e4 30e800e4 30e800e4 30e800e4 30e800e4
0x01c0c2c0: 30e800e4 30e800e4 30e800e4 30e800e4 30e800e4 30e800e4 30e800e4 30e800e4
0x01c0c2e0: 30e800e4 30e800e4 30e800e4 30e800e4 30e800e4 30e800e4 30e800e4 30e800e4
0x01c0c300: 30e800e4 30e800e4 30e800e4 30e800e4 30e800e4 30e800e4 30e800e4 30e800e4
0x01c0c320: 30e800e4 30e800e4 30e800e4 30e800e4 30e800e4 30e800e4 30e800e4 30e800e4
0x01c0c340: 30e800e4 30e800e4 30e800e4 30e800e4 30e800e4 30e800e4 30e800e4 30e800e4
0x01c0c360: 30e800e4 30e800e4 30e800e4 30e800e4 30e800e4 30e800e4 30e800e4 30e800e4
0x01c0c380: 30e800e4 30e800e4 30e800e4 30e800e4 30e800e4 30e800e4 30e800e4 30e800e4
0x01c0c3a0: 30e800e4 30e800e4 30e800e4 30e800e4 30e800e4 30e800e4 30e800e4 30e800e4
0x01c0c3c0: 30e800e4 30e800e4 30e800e4 30e800e4 30e800e4 30e800e4 30e800e4 30e800e4
0x01c0c3e0: 30e800e4 30e800e4 30e800e4 30e800e4 30e800e4 30e800e4 30e800e4 30e800e4

> echo DEBE
DEBE
> mdw phys 0x1E60800 128
0x01e60800: 00000623 00000000 00000000 00000000 01df031f 01df031f 01df031f 00000000
0x01e60820: 00000000 00000000 00000000 00000000 00000000 00000000 00000000 00000000
0x01e60840: 00000000 00006400 00006400 00000000 00000000 0b4d6000 0ec48000 00000000
0x01e60860: 00000000 00000000 00000000 00000000 00000002 00000000 00000000 00000000
0x01e60880: 00000000 00000000 00000000 00000000 ff000403 ff000801 00008c00 00000000
0x01e608a0: 00000a00 00000a00 00000a00 00000000 00000000 00000000 00000000 00000000
0x01e608c0: 00000000 00000001 00000000 00000000 00000000 00000000 00000000 00000000
0x01e608e0: 00000000 00000000 00000000 00000000 00000000 00000000 00000000 00000000
0x01e60900: 00000000 00000000 00000000 00000000 00000000 00000000 00000000 00000000
0x01e60920: 00000000 00000000 00000000 00000000 00000000 00000000 00000000 00000000
0x01e60940: 00000000 00000000 00000000 00000000 001d0000 03830000 001b0000 3fda0000
0x01e60960: 03ac0000 00120000 1ffd0000 3fdc0000 00460000 1ff10000 03810000 3fd90000
0x01e60980: 00000000 00000000 00000000 00000000 00000000 00000000 00000000 00000000
0x01e609a0: 00000000 00000000 00000000 00000000 00000000 00000000 00000000 00000000
0x01e609c0: 00000000 00000000 00000000 00000000 00000000 00000000 00000000 00000000
0x01e609e0: 00000000 00000000 00000000 00000000 00000000 00000000 00000000 00000000

> echo DEFE
DEFE
> mdw phys 0x1E00000 512
0x01e00000: 00000001 00010000 00000000 00000000 00010000 00000000 00000000 16190478
0x01e00020: 8079d000 80831800 00000000 00000000 001f0000 001f0000 00000000 20101013
0x01e00040: 00005420 00005420 00000000 00000620 81ed0e60 00000000 00000000 00030000
0x01e00060: 00000000 0000077f 00000031 00010301 000004a7 00001e6f 00001cbf 00000877
0x01e00080: 000004a7 00000000 00000662 00003211 000004a7 00000812 00000000 00002eb1
0x01e000a0: 00000000 00000000 00000000 00000000 00000000 00000000 00000000 00000000
0x01e000c0: 00000000 00000000 00000000 00000000 00000000 00000000 00000000 00000000
0x01e000e0: 00000000 00000000 00000000 00000000 00000000 00000000 00000000 00000000
0x01e00100: 01bf02bf 01df031f 0000e147 0000eeee 00000000 00000000 00000000 00000000
0x01e00120: 00000000 00000000 00000000 00000000 00000000 00000000 00000000 00000000
0x01e00140: 00000000 00000000 00000000 00000000 00000000 00000000 00000000 00000000
0x01e00160: 00000000 00000000 00000000 00000000 00000000 00000000 00000000 00000000
0x01e00180: 00000000 00000000 00000000 00000000 00000000 00000000 00000000 00000000
0x01e001a0: 00000000 00000000 00000000 00000000 00000000 00000000 00000000 00000000
0x01e001c0: 00000000 00000000 00000000 00000000 00000000 00000000 00000000 00000000
0x01e001e0: 00000000 00000000 00000000 00000000 00000000 00000000 00000000 00000000
0x01e00200: 00000000 00000000 00000000 00000000 00000000 00000000 00000000 00000000
0x01e00220: 00000000 00000000 00000000 00000000 00000000 00000000 00000000 00000000
0x01e00240: 00000000 00000000 00000000 00000000 00000000 00000000 00000000 00000000
0x01e00260: 00000000 00000000 00000000 00000000 00000000 00000000 00000000 00000000
0x01e00280: 00000000 00000000 00000000 00000000 00000000 00000000 00000000 00000000
0x01e002a0: 00000000 00000000 00000000 00000000 00000000 00000000 00000000 00000000
0x01e002c0: 00000000 00000000 00000000 00000000 00000000 00000000 00000000 00000000
0x01e002e0: 00000000 00000000 00000000 00000000 00000000 00000000 00000000 00000000
0x01e00300: 00000000 00000000 00000000 00000000 00000000 00000000 00000000 00000000
0x01e00320: 00000000 00000000 00000000 00000000 00000000 00000000 00000000 00000000
0x01e00340: 00000000 00000000 00000000 00000000 00000000 00000000 00000000 00000000
0x01e00360: 00000000 00000000 00000000 00000000 00000000 00000000 00000000 00000000
0x01e00380: 00000000 00000000 00000000 00000000 00000000 00000000 00000000 00000000
0x01e003a0: 00000000 00000000 00000000 00000000 00000000 00000000 00000000 00000000
0x01e003c0: 00000000 00000000 00000000 00000000 00000000 00000000 00000000 00000000
0x01e003e0: 00000000 00000000 00000000 00000000 00000000 00000000 00000000 00000000
0x01e00400: fb370fff fb370fff fb370fff fb370fff fb370fff fb370fff fb370fff fb370fff
0x01e00420: fb370fff fb370fff fb370fff fb370fff fb370fff fb370fff fb370fff fb370fff
0x01e00440: fb370fff fb370fff fb370fff fb370fff fb370fff fb370fff fb370fff fb370fff
0x01e00460: fb370fff fb370fff fb370fff fb370fff fb370fff fb370fff fb370fff fb370fff
0x01e00480: fb370fff fb370fff fb370fff fb370fff fb370fff fb370fff fb370fff fb370fff
0x01e004a0: fb370fff fb370fff fb370fff fb370fff fb370fff fb370fff fb370fff fb370fff
0x01e004c0: fb370fff fb370fff fb370fff fb370fff fb370fff fb370fff fb370fff fb370fff
0x01e004e0: fb370fff fb370fff fb370fff fb370fff fb370fff fb370fff fb370fff fb370fff
0x01e00500: fb370fff fb370fff fb370fff fb370fff fb370fff fb370fff fb370fff fb370fff
0x01e00520: fb370fff fb370fff fb370fff fb370fff fb370fff fb370fff fb370fff fb370fff
0x01e00540: fb370fff fb370fff fb370fff fb370fff fb370fff fb370fff fb370fff fb370fff
0x01e00560: fb370fff fb370fff fb370fff fb370fff fb370fff fb370fff fb370fff fb370fff
0x01e00580: fb370fff fb370fff fb370fff fb370fff fb370fff fb370fff fb370fff fb370fff
0x01e005a0: fb370fff fb370fff fb370fff fb370fff fb370fff fb370fff fb370fff fb370fff
0x01e005c0: fb370fff fb370fff fb370fff fb370fff fb370fff fb370fff fb370fff fb370fff
0x01e005e0: fb370fff fb370fff fb370fff fb370fff fb370fff fb370fff fb370fff fb370fff
0x01e00600: fc3e0600 fc3e0600 fc3e0600 fc3e0600 fc3e0600 fc3e0600 fc3e0600 fc3e0600
0x01e00620: fc3e0600 fc3e0600 fc3e0600 fc3e0600 fc3e0600 fc3e0600 fc3e0600 fc3e0600
0x01e00640: fc3e0600 fc3e0600 fc3e0600 fc3e0600 fc3e0600 fc3e0600 fc3e0600 fc3e0600
0x01e00660: fc3e0600 fc3e0600 fc3e0600 fc3e0600 fc3e0600 fc3e0600 fc3e0600 fc3e0600
0x01e00680: fc3e0600 fc3e0600 fc3e0600 fc3e0600 fc3e0600 fc3e0600 fc3e0600 fc3e0600
0x01e006a0: fc3e0600 fc3e0600 fc3e0600 fc3e0600 fc3e0600 fc3e0600 fc3e0600 fc3e0600
0x01e006c0: fc3e0600 fc3e0600 fc3e0600 fc3e0600 fc3e0600 fc3e0600 fc3e0600 fc3e0600
0x01e006e0: fc3e0600 fc3e0600 fc3e0600 fc3e0600 fc3e0600 fc3e0600 fc3e0600 fc3e0600
0x01e00700: fc3e0600 fc3e0600 fc3e0600 fc3e0600 fc3e0600 fc3e0600 fc3e0600 fc3e0600
0x01e00720: fc3e0600 fc3e0600 fc3e0600 fc3e0600 fc3e0600 fc3e0600 fc3e0600 fc3e0600
0x01e00740: fc3e0600 fc3e0600 fc3e0600 fc3e0600 fc3e0600 fc3e0600 fc3e0600 fc3e0600
0x01e00760: fc3e0600 fc3e0600 fc3e0600 fc3e0600 fc3e0600 fc3e0600 fc3e0600 fc3e0600
0x01e00780: fc3e0600 fc3e0600 fc3e0600 fc3e0600 fc3e0600 fc3e0600 fc3e0600 fc3e0600
0x01e007a0: fc3e0600 fc3e0600 fc3e0600 fc3e0600 fc3e0600 fc3e0600 fc3e0600 fc3e0600
0x01e007c0: fc3e0600 fc3e0600 fc3e0600 fc3e0600 fc3e0600 fc3e0600 fc3e0600 fc3e0600
0x01e007e0: fc3e0600 fc3e0600 fc3e0600 fc3e0600 fc3e0600 fc3e0600 fc3e0600 fc3e0600

> echo TVD
TVD
> mdw phys 0x1C0B000 1024
0x01c0b000: 00000011 00010000 00010000 00202068 00300080 20000000 21f07c1f 00820032
0x01c0b020: 00000000 00000000 00000000 00000000 00000000 00000000 00000000 00000000
0x01c0b040: 04000310 00000000 00000001 81811c00 81a11c00 00200000 00001000 00000000
0x01c0b060: 2a098acb 21e6efe3 21f69446 21f07c1f 00000000 00000000 00000000 00000000
0x01c0b080: 80858000 808a5000 05000001 00e002c0 000002c0 01000000 00000000 01000000
0x01c0b0a0: 00000000 00000000 00000000 00000000 ffffffff ffffffff 00000000 00000000
0x01c0b0c0: 00000000 00000000 00000000 00000000 00000000 00000000 00000000 00000000
0x01c0b0e0: 00000000 00000000 00000000 00000000 00000000 00000000 00000000 00000000
0x01c0b100: 00000000 00000000 00000000 00000000 00000000 00000000 00000000 00000000
0x01c0b120: 00000000 00000000 00000000 00000000 00000000 00000000 00000000 00000000
0x01c0b140: 00000000 00000000 00000000 00000000 00000000 00000000 00000000 00000000
0x01c0b160: 00000000 00000000 00000000 00000000 00000000 00000000 00000000 00000000
0x01c0b180: 00000000 00000000 00000000 00000000 00000000 00000000 00000000 00000000
0x01c0b1a0: 00000000 00000000 00000000 00000000 00000000 00000000 00000000 00000000
0x01c0b1c0: 00000000 00000000 00000000 00000000 00000000 00000000 00000000 00000000
0x01c0b1e0: 00000000 00000000 00000000 00000000 00000000 00000000 00000000 00000000
0x01c0b200: 00000000 00000000 00000000 00000000 00000000 00000000 00000000 00000000
0x01c0b220: 00000000 00000000 00000000 00000000 00000000 00000000 00000000 00000000
0x01c0b240: 00000000 00000000 00000000 00000000 00000000 00000000 00000000 00000000
0x01c0b260: 00000000 00000000 00000000 00000000 00000000 00000000 00000000 00000000
0x01c0b280: 00000000 00000000 00000000 00000000 00000000 00000000 00000000 00000000
0x01c0b2a0: 00000000 00000000 00000000 00000000 00000000 00000000 00000000 00000000
0x01c0b2c0: 00000000 00000000 00000000 00000000 00000000 00000000 00000000 00000000
0x01c0b2e0: 00000000 00000000 00000000 00000000 00000000 00000000 00000000 00000000
0x01c0b300: 00000000 00000000 00000000 00000000 00000000 00000000 00000000 00000000
0x01c0b320: 00000000 00000000 00000000 00000000 00000000 00000000 00000000 00000000
0x01c0b340: 00000000 00000000 00000000 00000000 00000000 00000000 00000000 00000000
0x01c0b360: 00000000 00000000 00000000 00000000 00000000 00000000 00000000 00000000
0x01c0b380: 00000000 00000000 00000000 00000000 00000000 00000000 00000000 00000000
0x01c0b3a0: 00000000 00000000 00000000 00000000 00000000 00000000 00000000 00000000
0x01c0b3c0: 00000000 00000000 00000000 00000000 00000000 00000000 00000000 00000000
0x01c0b3e0: 00000000 00000000 00000000 00000000 00000000 00000000 00000000 00000000
0x01c0b400: 00000000 00000000 00000000 00000000 00000000 00000000 00000000 00000000
0x01c0b420: 00000000 00000000 00000000 00000000 00000000 00000000 00000000 00000000
0x01c0b440: 00000000 00000000 00000000 00000000 00000000 00000000 00000000 00000000
0x01c0b460: 00000000 00000000 00000000 00000000 00000000 00000000 00000000 00000000
0x01c0b480: 00000000 00000000 00000000 00000000 00000000 00000000 00000000 00000000
0x01c0b4a0: 00000000 00000000 00000000 00000000 00000000 00000000 00000000 00000000
0x01c0b4c0: 00000000 00000000 00000000 00000000 00000000 00000000 00000000 00000000
0x01c0b4e0: 00000000 00000000 00000000 00000000 00000000 00000000 00000000 00000000
0x01c0b500: 00000000 00000000 00000000 00000000 00000000 00000000 00000000 00000000
0x01c0b520: 00000000 00000000 00000000 00000000 00000000 00000000 00000000 00000000
0x01c0b540: 00000000 00000000 00000000 00000000 00000000 00000000 00000000 00000000
0x01c0b560: 00000000 00000000 00000000 00000000 00000000 00000000 00000000 00000000
0x01c0b580: 00000000 00000000 00000000 00000000 00000000 00000000 00000000 00000000
0x01c0b5a0: 00000000 00000000 00000000 00000000 00000000 00000000 00000000 00000000
0x01c0b5c0: 00000000 00000000 00000000 00000000 00000000 00000000 00000000 00000000
0x01c0b5e0: 00000000 00000000 00000000 00000000 00000000 00000000 00000000 00000000
0x01c0b600: 00000000 00000000 00000000 00000000 00000000 00000000 00000000 00000000
0x01c0b620: 00000000 00000000 00000000 00000000 00000000 00000000 00000000 00000000
0x01c0b640: 00000000 00000000 00000000 00000000 00000000 00000000 00000000 00000000
0x01c0b660: 00000000 00000000 00000000 00000000 00000000 00000000 00000000 00000000
0x01c0b680: 00000000 00000000 00000000 00000000 00000000 00000000 00000000 00000000
0x01c0b6a0: 00000000 00000000 00000000 00000000 00000000 00000000 00000000 00000000
0x01c0b6c0: 00000000 00000000 00000000 00000000 00000000 00000000 00000000 00000000
0x01c0b6e0: 00000000 00000000 00000000 00000000 00000000 00000000 00000000 00000000
0x01c0b700: 00000000 00000000 00000000 00000000 00000000 00000000 00000000 00000000
0x01c0b720: 00000000 00000000 00000000 00000000 00000000 00000000 00000000 00000000
0x01c0b740: 00000000 00000000 00000000 00000000 00000000 00000000 00000000 00000000
0x01c0b760: 00000000 00000000 00000000 00000000 00000000 00000000 00000000 00000000
0x01c0b780: 00000000 00000000 00000000 00000000 00000000 00000000 00000000 00000000
0x01c0b7a0: 00000000 00000000 00000000 00000000 00000000 00000000 00000000 00000000
0x01c0b7c0: 00000000 00000000 00000000 00000000 00000000 00000000 00000000 00000000
0x01c0b7e0: 00000000 00000000 00000000 00000000 00000000 00000000 00000000 00000000
0x01c0b800: 00000000 00000000 00000000 00000000 00000000 00000000 00000000 00000000
0x01c0b820: 00000000 00000000 00000000 00000000 00000000 00000000 00000000 00000000
0x01c0b840: 00000000 00000000 00000000 00000000 00000000 00000000 00000000 00000000
0x01c0b860: 00000000 00000000 00000000 00000000 00000000 00000000 00000000 00000000
0x01c0b880: 00000000 00000000 00000000 00000000 00000000 00000000 00000000 00000000
0x01c0b8a0: 00000000 00000000 00000000 00000000 00000000 00000000 00000000 00000000
0x01c0b8c0: 00000000 00000000 00000000 00000000 00000000 00000000 00000000 00000000
0x01c0b8e0: 00000000 00000000 00000000 00000000 00000000 00000000 00000000 00000000
0x01c0b900: 00000000 00000000 00000000 00000000 00000000 00000000 00000000 00000000
0x01c0b920: 00000000 00000000 00000000 00000000 00000000 00000000 00000000 00000000
0x01c0b940: 00000000 00000000 00000000 00000000 00000000 00000000 00000000 00000000
0x01c0b960: 00000000 00000000 00000000 00000000 00000000 00000000 00000000 00000000
0x01c0b980: 00000000 00000000 00000000 00000000 00000000 00000000 00000000 00000000
0x01c0b9a0: 00000000 00000000 00000000 00000000 00000000 00000000 00000000 00000000
0x01c0b9c0: 00000000 00000000 00000000 00000000 00000000 00000000 00000000 00000000
0x01c0b9e0: 00000000 00000000 00000000 00000000 00000000 00000000 00000000 00000000
0x01c0ba00: 00000000 00000000 00000000 00000000 00000000 00000000 00000000 00000000
0x01c0ba20: 00000000 00000000 00000000 00000000 00000000 00000000 00000000 00000000
0x01c0ba40: 00000000 00000000 00000000 00000000 00000000 00000000 00000000 00000000
0x01c0ba60: 00000000 00000000 00000000 00000000 00000000 00000000 00000000 00000000
0x01c0ba80: 00000000 00000000 00000000 00000000 00000000 00000000 00000000 00000000
0x01c0baa0: 00000000 00000000 00000000 00000000 00000000 00000000 00000000 00000000
0x01c0bac0: 00000000 00000000 00000000 00000000 00000000 00000000 00000000 00000000
0x01c0bae0: 00000000 00000000 00000000 00000000 00000000 00000000 00000000 00000000
0x01c0bb00: 00000000 00000000 00000000 00000000 00000000 00000000 00000000 00000000
0x01c0bb20: 00000000 00000000 00000000 00000000 00000000 00000000 00000000 00000000
0x01c0bb40: 00000000 00000000 00000000 00000000 00000000 00000000 00000000 00000000
0x01c0bb60: 00000000 00000000 00000000 00000000 00000000 00000000 00000000 00000000
0x01c0bb80: 00000000 00000000 00000000 00000000 00000000 00000000 00000000 00000000
0x01c0bba0: 00000000 00000000 00000000 00000000 00000000 00000000 00000000 00000000
0x01c0bbc0: 00000000 00000000 00000000 00000000 00000000 00000000 00000000 00000000
0x01c0bbe0: 00000000 00000000 00000000 00000000 00000000 00000000 00000000 00000000
0x01c0bc00: 00000000 00000000 00000000 00000000 00000000 00000000 00000000 00000000
0x01c0bc20: 00000000 00000000 00000000 00000000 00000000 00000000 00000000 00000000
0x01c0bc40: 00000000 00000000 00000000 00000000 00000000 00000000 00000000 00000000
0x01c0bc60: 00000000 00000000 00000000 00000000 00000000 00000000 00000000 00000000
0x01c0bc80: 00000000 00000000 00000000 00000000 00000000 00000000 00000000 00000000
0x01c0bca0: 00000000 00000000 00000000 00000000 00000000 00000000 00000000 00000000
0x01c0bcc0: 00000000 00000000 00000000 00000000 00000000 00000000 00000000 00000000
0x01c0bce0: 00000000 00000000 00000000 00000000 00000000 00000000 00000000 00000000
0x01c0bd00: 00000000 00000000 00000000 00000000 00000000 00000000 00000000 00000000
0x01c0bd20: 00000000 00000000 00000000 00000000 00000000 00000000 00000000 00000000
0x01c0bd40: 00000000 00000000 00000000 00000000 00000000 00000000 00000000 00000000
0x01c0bd60: 00000000 00000000 00000000 00000000 00000000 00000000 00000000 00000000
0x01c0bd80: 00000000 00000000 00000000 00000000 00000000 00000000 00000000 00000000
0x01c0bda0: 00000000 00000000 00000000 00000000 00000000 00000000 00000000 00000000
0x01c0bdc0: 00000000 00000000 00000000 00000000 00000000 00000000 00000000 00000000
0x01c0bde0: 00000000 00000000 00000000 00000000 00000000 00000000 00000000 00000000
0x01c0be00: 00000000 8002aaa8 00000000 00000005 00000000 00000000 00000000 00000000
0x01c0be20: 00000000 00000000 00000000 00110000 04dd04de 00000000 00000000 00000000
0x01c0be40: 00000401 20000000 21f07c1f 00091f1f 03f80114 00000000 00000000 00000000
0x01c0be60: 00000000 00000000 00000000 00000000 00000000 00000000 00000000 00000000
0x01c0be80: 00000000 00000000 00000000 00000000 00000000 00000000 00000000 00000000
0x01c0bea0: 00000000 00000000 00000000 00000000 00000000 00000000 00000000 00000000
0x01c0bec0: 00000000 00000000 00000000 00000000 00000000 00000000 00000000 00000000
0x01c0bee0: 00000000 00000000 00000000 00000000 00000000 00000000 00000000 00000000
0x01c0bf00: 00000000 00000000 00590100 00000010 008a32dd 800000a0 00002080 008a0000
0x01c0bf20: 002c0607 0682810a 00006440 0000cb74 21f07c1f 20000000 80003e3e 502d0fe9
0x01c0bf40: 4ed64e22 00004632 0e706122 0e70106c 00000a00 00000000 00000082 0000006f
0x01c0bf60: 0000000a 00000001 00b9c828 00fffad0 0000a010 000003c3 00000000 00000000
0x01c0bf80: 00500000 00610000 00000000 00000000 00000000 00000000 00000000 00000000
0x01c0bfa0: 00000000 00000000 00000000 00000000 00000000 00000000 00000000 00000000
0x01c0bfc0: 00000000 00000000 00000000 00000000 00000000 00000000 00000000 00000000
0x01c0bfe0: 00000000 00000000 00000000 00000000 00000000 00000000 00000000 00000000

> echo TVE
TVE
> mdw phys 0x1C0A000 256
0x01c0a000: 00000000 07030001 433810a0 00000120 2a098acb 008a0018 00000016 00160271
0x01c0a020: 00fc00fc 00000000 00000000 00000000 00000000 00000000 00000000 00000000
0x01c0a040: 00000000 00000000 00000000 00000000 00000000 00000000 00000000 00000000
0x01c0a060: 00000000 00000000 00000000 00000000 00000000 00000000 00000000 00000000
0x01c0a080: 00000000 00000000 00000000 00000000 00000000 00000000 00000000 00000000
0x01c0a0a0: 00000000 00000000 00000000 00000000 00000000 00000000 00000000 00000000
0x01c0a0c0: 00000000 00000000 00000000 00000000 00000000 00000000 00000000 00000000
0x01c0a0e0: 00000000 00000000 00000000 00000000 00000000 00000000 00000000 00007ffc
0x01c0a100: 00000000 00000001 00000005 00002828 00000000 0016447e 0000e0e0 001000f0
0x01c0a120: 01e80320 000005a0 00000000 00000101 800d000c 00000000 00000000 00000000
0x01c0a140: 00000000 00000000 00000000 00000000 00000000 00000000 00000000 00000000
0x01c0a160: 00000000 00000000 00000000 00000000 00000000 00000000 00000000 00000000
0x01c0a180: 00000000 00000000 00000000 00000000 00000000 00000000 00000000 00000000
0x01c0a1a0: 00000000 00000000 00000000 00000000 00000000 00000000 00000000 00000000
0x01c0a1c0: 00000000 00000000 00000000 00000000 00000000 00000000 00000000 00000000
0x01c0a1e0: 00000000 00000000 00000000 00000000 00000000 00000000 00000000 00000000
0x01c0a200: 00000000 00000000 00000000 00000000 00000000 00000000 00000000 00000000
0x01c0a220: 00000000 00000000 00000000 00000000 00000000 00000000 00000000 00000000
0x01c0a240: 00000000 00000000 00000000 00000000 00000000 00000000 00000000 00000000
0x01c0a260: 00000000 00000000 00000000 00000000 00000000 00000000 00000000 00000000
0x01c0a280: 00000000 00000000 00000000 00000000 00000000 00000000 00000000 00000000
0x01c0a2a0: 00000000 00000000 00000000 00000000 00000000 00000000 00000000 00000000
0x01c0a2c0: 00000000 00000000 00000000 00000000 00000000 00000000 00000000 00000000
0x01c0a2e0: 00000000 00000000 00000000 00000000 00000000 00000000 00000000 00000000
0x01c0a300: 00000000 00000000 00000000 00000000 00000000 00000000 00000000 00000000
0x01c0a320: 00000000 00000000 00000000 00000000 00000000 00000000 00000000 00000000
0x01c0a340: 00000000 00000000 00000000 00000000 00000000 00000000 00000000 00000000
0x01c0a360: 00000000 00000000 00000000 00000000 00000000 00000000 00000000 00000000
0x01c0a380: 00000000 00000000 00000000 00000000 00000000 00000000 00000000 00000000
0x01c0a3a0: 00000000 00000000 00000000 00000000 00000000 00000000 00000000 00000000
0x01c0a3c0: 00000000 00000000 00000000 00000000 00000000 00000000 00000000 00000000
0x01c0a3e0: 00000000 00000000 00000000 00000000 00000000 00000000 00000000 00000000

> echo DEIN
DEIN
> mdw phys 0x1E70000 64
0x01e70000: 00000000 00000000 00000000 00000000 00000000 00000000 00000000 00000000
0x01e70020: 00000000 00000000 00000000 00000000 00000000 00000000 00000000 00000000
0x01e70040: 00000000 00000000 00000000 00000000 00000000 00000000 00000000 00000000
0x01e70060: 00000000 00000000 00000000 00000000 00000000 00000000 00000000 00000000
0x01e70080: 100a0614 00000000 00000000 00000000 00000000 00000000 00000000 00000000
0x01e700a0: 00000000 00000000 00000000 00000000 00000000 00000000 00000000 00000000
0x01e700c0: 00000000 00000000 00000000 00000000 00000000 00000000 00000000 00000000
0x01e700e0: 00000000 00000000 00000000 00000000 00000000 00000000 00000000 00000000

> echo VE
VE
> mdw phys 0x1C0e000 512
0x01c0e000: 00000001 00000001 00000001 00000001 00000001 00000001 00000001 00000001
0x01c0e020: 00000001 00000001 00000001 00000001 00000001 00000001 00000001 00000001
0x01c0e040: 00000001 00000001 00000001 00000001 00000001 00000001 00000001 00000001
0x01c0e060: 00000001 00000001 00000001 00000001 00000001 00000001 00000001 00000001
0x01c0e080: 00000001 00000001 00000001 00000001 00000001 00000001 00000001 00000001
0x01c0e0a0: 00000001 00000001 00000001 00000001 00000001 00000001 00000001 00000001
0x01c0e0c0: 00000001 00000001 00000001 00000001 00000001 00000001 00000001 00000001
0x01c0e0e0: 00000001 00000001 00000001 00000001 00000001 00000001 00000001 00000001
0x01c0e100: 00000001 00000001 00000001 00000001 00000001 00000001 00000001 00000001
0x01c0e120: 00000001 00000001 00000001 00000001 00000001 00000001 00000001 00000001
0x01c0e140: 00000001 00000001 00000001 00000001 00000001 00000001 00000001 00000001
0x01c0e160: 00000001 00000001 00000001 00000001 00000001 00000001 00000001 00000001
0x01c0e180: 00000001 00000001 00000001 00000001 00000001 00000001 00000001 00000001
0x01c0e1a0: 00000001 00000001 00000001 00000001 00000001 00000001 00000001 00000001
0x01c0e1c0: 00000001 00000001 00000001 00000001 00000001 00000001 00000001 00000001
0x01c0e1e0: 00000001 00000001 00000001 00000001 00000001 00000001 00000001 00000001
0x01c0e200: 00000001 00000001 00000001 00000001 00000001 00000001 00000001 00000001
0x01c0e220: 00000001 00000001 00000001 00000001 00000001 00000001 00000001 00000001
0x01c0e240: 00000001 00000001 00000001 00000001 00000001 00000001 00000001 00000001
0x01c0e260: 00000001 00000001 00000001 00000001 00000001 00000001 00000001 00000001
0x01c0e280: 00000001 00000001 00000001 00000001 00000001 00000001 00000001 00000001
0x01c0e2a0: 00000001 00000001 00000001 00000001 00000001 00000001 00000001 00000001
0x01c0e2c0: 00000001 00000001 00000001 00000001 00000001 00000001 00000001 00000001
0x01c0e2e0: 00000001 00000001 00000001 00000001 00000001 00000001 00000001 00000001
0x01c0e300: 00000001 00000001 00000001 00000001 00000001 00000001 00000001 00000001
0x01c0e320: 00000001 00000001 00000001 00000001 00000001 00000001 00000001 00000001
0x01c0e340: 00000001 00000001 00000001 00000001 00000001 00000001 00000001 00000001
0x01c0e360: 00000001 00000001 00000001 00000001 00000001 00000001 00000001 00000001
0x01c0e380: 00000001 00000001 00000001 00000001 00000001 00000001 00000001 00000001
0x01c0e3a0: 00000001 00000001 00000001 00000001 00000001 00000001 00000001 00000001
0x01c0e3c0: 00000001 00000001 00000001 00000001 00000001 00000001 00000001 00000001
0x01c0e3e0: 00000001 00000001 00000001 00000001 00000001 00000001 00000001 00000001
0x01c0e400: 00000001 00000001 00000001 00000001 00000001 00000001 00000001 00000001
0x01c0e420: 00000001 00000001 00000001 00000001 00000001 00000001 00000001 00000001
0x01c0e440: 00000001 00000001 00000001 00000001 00000001 00000001 00000001 00000001
0x01c0e460: 00000001 00000001 00000001 00000001 00000001 00000001 00000001 00000001
0x01c0e480: 00000001 00000001 00000001 00000001 00000001 00000001 00000001 00000001
0x01c0e4a0: 00000001 00000001 00000001 00000001 00000001 00000001 00000001 00000001
0x01c0e4c0: 00000001 00000001 00000001 00000001 00000001 00000001 00000001 00000001
0x01c0e4e0: 00000001 00000001 00000001 00000001 00000001 00000001 00000001 00000001
0x01c0e500: 00000001 00000001 00000001 00000001 00000001 00000001 00000001 00000001
0x01c0e520: 00000001 00000001 00000001 00000001 00000001 00000001 00000001 00000001
0x01c0e540: 00000001 00000001 00000001 00000001 00000001 00000001 00000001 00000001
0x01c0e560: 00000001 00000001 00000001 00000001 00000001 00000001 00000001 00000001
0x01c0e580: 00000001 00000001 00000001 00000001 00000001 00000001 00000001 00000001
0x01c0e5a0: 00000001 00000001 00000001 00000001 00000001 00000001 00000001 00000001
0x01c0e5c0: 00000001 00000001 00000001 00000001 00000001 00000001 00000001 00000001
0x01c0e5e0: 00000001 00000001 00000001 00000001 00000001 00000001 00000001 00000001
0x01c0e600: 00000001 00000001 00000001 00000001 00000001 00000001 00000001 00000001
0x01c0e620: 00000001 00000001 00000001 00000001 00000001 00000001 00000001 00000001
0x01c0e640: 00000001 00000001 00000001 00000001 00000001 00000001 00000001 00000001
0x01c0e660: 00000001 00000001 00000001 00000001 00000001 00000001 00000001 00000001
0x01c0e680: 00000001 00000001 00000001 00000001 00000001 00000001 00000001 00000001
0x01c0e6a0: 00000001 00000001 00000001 00000001 00000001 00000001 00000001 00000001
0x01c0e6c0: 00000001 00000001 00000001 00000001 00000001 00000001 00000001 00000001
0x01c0e6e0: 00000001 00000001 00000001 00000001 00000001 00000001 00000001 00000001
0x01c0e700: 00000001 00000001 00000001 00000001 00000001 00000001 00000001 00000001
0x01c0e720: 00000001 00000001 00000001 00000001 00000001 00000001 00000001 00000001
0x01c0e740: 00000001 00000001 00000001 00000001 00000001 00000001 00000001 00000001
0x01c0e760: 00000001 00000001 00000001 00000001 00000001 00000001 00000001 00000001
0x01c0e780: 00000001 00000001 00000001 00000001 00000001 00000001 00000001 00000001
0x01c0e7a0: 00000001 00000001 00000001 00000001 00000001 00000001 00000001 00000001
0x01c0e7c0: 00000001 00000001 00000001 00000001 00000001 00000001 00000001 00000001
0x01c0e7e0: 00000001 00000001 00000001 00000001 00000001 00000001 00000001 00000001

>